,amazon_reviews_2023,dialogsum,free_news,goodreads_book_genres,imdb,imdb_movie_genres,medium_post_titles,news_category,pens,polibertweet,political_or_not,recipes,reddit_comments,reddit_submissions,rotten_tomatoes,textbooks,tweet_topic_multi,yelp_review_full
amazon_reviews_2023,61715,267,85,97,662,206,348,131,63,99,114,310,645,496,74,161,101,729
dialogsum,267,12812,0,0,0,0,247,0,0,0,0,0,0,0,0,0,0,1
free_news,85,0,17334,5,6,5,50,40,40,4,5,3,5,40,3,3,4,5
goodreads_book_genres,97,0,5,7165,7,13,326,4,10,3,5,3,11,7,4,5,3,6
imdb,662,0,6,7,98469,14,3992,0,0,0,0,0,0,0,0,0,0,0
imdb_movie_genres,206,0,5,13,14,104063,3425,0,2,0,0,0,1,0,0,0,0,0
medium_post_titles,348,247,50,326,3992,3425,51440,110,27,74,73,48,348,22,39,162,44,211
news_category,131,0,40,4,0,0,110,119552,10,186,128,131,564,22,66,120,105,391
pens,63,0,40,10,0,2,27,10,75286,1,4,1,5,2,1,2,1,3
polibertweet,99,0,4,3,0,0,74,186,1,19999,38,31,101,91,26,35,53,69
political_or_not,114,0,5,5,0,0,73,128,4,38,3855,0,0,0,0,0,0,0
recipes,310,0,3,3,0,0,48,131,1,31,0,65390,45,46,10,18,14,72
reddit_comments,645,0,5,11,0,1,348,564,5,101,0,45,207150,2809,307,622,488,1807
reddit_submissions,496,0,40,7,0,0,22,22,2,91,0,46,2809,82069,24,55,55,154
rotten_tomatoes,74,0,3,4,0,0,39,66,1,26,0,10,307,24,10647,6,4,21
textbooks,161,0,3,5,0,0,162,120,2,35,0,18,622,55,6,263170,20,20
tweet_topic_multi,101,0,4,3,0,0,44,105,1,53,0,14,488,55,4,20,21416,0
yelp_review_full,729,1,5,6,0,0,211,391,3,69,0,72,1807,154,21,20,0,100000

,amazon_reviews_2023,dialogsum,free_news,goodreads_book_genres,imdb,imdb_movie_genres,medium_post_titles,news_category,pens,polibertweet,political_or_not,recipes,reddit_comments,reddit_submissions,rotten_tomatoes,textbooks,tweet_topic_multi,yelp_review_full
amazon_reviews_2023,100.0000,0.4326,0.1377,0.1572,1.0727,0.3338,0.5639,0.2123,0.1021,0.1604,0.1847,0.5023,1.0451,0.8037,0.1199,0.2609,0.1637,1.1812
dialogsum,0.4326,100.0000,0.0000,0.0000,0.0000,0.0000,1.9279,0.0000,0.0000,0.0000,0.0000,0.0000,0.0000,0.0000,0.0000,0.0000,0.0000,0.0078
free_news,0.1377,0.0000,100.0000,0.0288,0.0346,0.0288,0.2885,0.2308,0.2308,0.0231,0.0288,0.0173,0.0288,0.2308,0.0173,0.0173,0.0231,0.0288
goodreads_book_genres,0.1572,0.0000,0.0288,100.0000,0.0977,0.1814,4.5499,0.0558,0.1396,0.0419,0.0698,0.0419,0.1535,0.0977,0.0558,0.0698,0.0419,0.0837
imdb,1.0727,0.0000,0.0346,0.0977,100.0000,0.0142,4.0541,0.0000,0.0000,0.0000,0.0000,0.0000,0.0000,0.0000,0.0000,0.0000,0.0000,0.0000
imdb_movie_genres,0.3338,0.0000,0.0288,0.1814,0.0142,100.0000,3.2913,0.0000,0.0019,0.0000,0.0000,0.0000,0.0010,0.0000,0.0000,0.0000,0.0000,0.0000
medium_post_titles,0.5639,1.9279,0.2885,4.5499,4.0541,3.2913,100.0000,0.2138,0.0525,0.1186,0.1244,0.0778,0.6396,0.0428,0.0564,0.2897,0.0661,0.3713
news_category,0.2123,0.0000,0.2308,0.0558,0.0000,0.0000,0.2138,100.0000,0.0084,0.1556,0.1071,0.1096,0.4718,0.0184,0.0552,0.1004,0.0878,0.3271
pens,0.1021,0.0000,0.2308,0.1396,0.0000,0.0019,0.0525,0.0084,100.0000,0.0013,0.0053,0.0013,0.0066,0.0027,0.0013,0.0027,0.0013,0.0040
polibertweet,0.1604,0.0000,0.0231,0.0419,0.0000,0.0000,0.1186,0.1556,0.0013,100.0000,0.1900,0.1550,0.5050,0.4550,0.1300,0.1750,0.2650,0.3450
political_or_not,0.1847,0.0000,0.0288,0.0698,0.0000,0.0000,0.1244,0.1071,0.0053,0.1900,100.0000,0.0000,0.0000,0.0000,0.0000,0.0000,0.0000,0.0000
recipes,0.5023,0.0000,0.0173,0.0419,0.0000,0.0000,0.0778,0.1096,0.0013,0.1550,0.0000,100.0000,0.0688,0.0703,0.0153,0.0275,0.0214,0.1101
reddit_comments,1.0451,0.0000,0.0288,0.1535,0.0000,0.0010,0.6396,0.4718,0.0066,0.5050,0.0000,0.0688,100.0000,1.3560,0.1482,0.3003,0.2356,0.8723
reddit_submissions,0.8037,0.0000,0.2308,0.0977,0.0000,0.0000,0.0428,0.0184,0.0027,0.4550,0.0000,0.0703,1.3560,100.0000,0.0292,0.0670,0.0670,0.1876
rotten_tomatoes,0.1199,0.0000,0.0173,0.0558,0.0000,0.0000,0.0564,0.0552,0.0013,0.1300,0.0000,0.0153,0.1482,0.0292,100.0000,0.0564,0.0376,0.1972
textbooks,0.2609,0.0000,0.0173,0.0698,0.0000,0.0000,0.2897,0.1004,0.0027,0.1750,0.0000,0.0275,0.3003,0.0670,0.0564,100.0000,0.0076,0.0076
tweet_topic_multi,0.1637,0.0000,0.0231,0.0419,0.0000,0.0000,0.0661,0.0878,0.0013,0.2650,0.0000,0.0214,0.2356,0.0670,0.0376,0.0076,100.0000,0.0000
yelp_review_full,1.1812,0.0078,0.0288,0.0837,0.0000,0.0000,0.3713,0.3271,0.0040,0.3450,0.0000,0.1101,0.8723,0.1876,0.1972,0.0076,0.0000,100.0000
